338
153
244
229
160
470
280
314
487
344
625
635
499
503
278
659
217
130
653
449
410
707
432
91
339
420
496
490
447
489
47
132
438
31
89
49
533
262
174
694
59
282
657
272
412
288
655
532
175
696
728
38
450
28
123
434
650
552
607
143
36
5
575
330
543
364
684
582
36
535
443
468
324
574
478
253
48
377
86
205
376
50
221
42
368
174
457
303
496
653
22
409
586
479
32
180
378
120
353
493
255
584
274
578
307
436
344
360
478
679
310
689
280
166
258
646
243
35
323
236
361
267
449
539
223
692
451
562
700
386
485
517
301
716
32
179
402
90
331
89
692
689
654
373
569
9
124
209
430
622
690
131
62
579
600
683
410
2
633
586
319
182
333
29
490
389
278
379
20
714
540
513
461
537
382
545
333
150
309
588
348
208
432
8
416
13
488
373
124
205
403
143
156
137
101
688
436
431
104
322
121
160
360
261
136
614
419
260
336
232
640
526
352
210
149
361
315
51
729
597
236
536
497
663
657
294
43
206
389
373
531
668
224
21
303
617
245
357
18
338
280
552
297
604
520
51
102
682
309
505
99
145
395
206
171
106
87
554
611
541
425
703
714
191
383
57
124
474
127
254
261
48
696
186
119
628
350
684
637
530
264
477
477
239
666
642
500
505
539
513
636
601
591
336
391
94
371
0
391
610
725
261
219
472
60
48
368
503
183
656
399
101
528
582
71
174
634
114
1
334
28
233
697
447
568
301
487
282
243
326
257
622
522
2
355
465
183
324
180
580
178
511
707
391
498
514
434
145
255
421
372
401
595
206
387
545
168
101
81
627
281
10
111
51
539
39
429
633
337
584
444
469
554
574
408
612
414
322
209
578
314
175
400
165
370
157
335
705
376
497
471
701
457
288
222
467
552
393
416
18
384
114
383
540
352
731
703
456
465
478
199
370
491
622
553
38
559
191
573
253
568
563
314
526
528
527
377
397
47
730
305
731
400
260
545
379
235
174
429
122
210
181
112
26
676
544
563
571
485
352
324
451
514
73
184
149
82
628
635
490
552
67
490
228
719
414
512
516
437
565
68
373
347
493
605
636
573
392
296
656
602
502
308
533
436
125
247
448
110
337
2
344
700
372
640
580
230
450
74
325
590
222
64
655
367
582
253
302
609
720
191
328
396
332
154
426
196
231
245
196
282
673
93
47
714
556
552
261
692
407
358
329
21
644
662
105
387
610
456
47
382
249
327
431
301
576
127
219
636
587
113
388
582
48
124
731
597
112
351
357
629
310
486
291
31
499
261
583
630
199
717
529
446
615
379
504
552
654
577
604
133
184
154
290
51
285
302
712
513
287
72
180
41
71
108
321
451
228
210
724
254
162
201
564
49
608
597
728
119
657
714
450
395
169
478
192
544
623
640
63
34
200
480
258
596
238
541
340
193
2
567
378
678
670
303
519
98
69
562
630
647
499
84
442
711
421
290
188
79
500
533
94
638
104
180
408
226
148
693
329
420
525
411
543
35
665
39
544
495
122
310
279
331
208
199
353
184
659
456
315
387
432
31
527
180
486
17
443
221
401
446
309
400
376
618
89
206
605
223
484
135
77
680
538
162
187
254
118
319
395
420
546
121
49
383
178
613
655
511
643
506
78
552
427
353
213
139
372
665
361
546
180
14
510
281
695
520
350
213
418
121
571
520
677
189
261
665
164
504
684
678
586
577
597
240
273
243
702
91
463
36
430
226
613
91
489
33
128
462
729
15
105
401
677
347
485
10
209
133
51
8
90
512
372
614
58
654
38
468
405
132
200
420
237
186
354
343
499
223
22
465
710
425
638
689
679
3
147
611
272
479
276
119
245
111
615
571
558
596
586
288
627
676
182
499
444
467
530
290
632
86
439
604
551
592
410
82
398
340
524
473
286
99
90
90
100
655
513
84
727
120
197
414
188
184
394
451
387
25
350
617
228
539
330
92
455
285
194
8
73
281
467
716
81
298
39
17
169
546
483
24
712
30
263
616
24
627
614
197
726
94
613
9
583
116
507
647
473
589
97
13
120
444
151
38
587
55
539
148
668
341
22
567
473
348
566
408
63
382
35
268
606
455
242
300
682
533
591
3
570
482
250
547
462
567
581
34
324
494
316
328
172
568
497
219
591
159
640
551
499
50
60
251
54
669
192
340
218
119
108
289
506
78
680
209
581
435
269
573
646
321
430
441
615
148
285
729
708
80
496
556
557
201
234
500
641
404
427
428
377
592
247
675
520
2
210
64
69
459
362
20
92
19
197
590
706
327
84
634
17
411
637
320
190
492
106
200
391
494
714
421
474
581
684
408
652
621
408
395
170
14
334
618
701
530
549
259
308
552
699
270
543
664
407
325
704
482
1
114
426
626
689
458
445
199
216
310
167
2
210
168
613
118
259
680
344
74
38
479
699
551
716
62
322
219
173
267
491
320
679
375
134
87
91
617
78
630
470
312
565
401
273
131
16
635
352
437
313
299
216
194
290
389
686
333
656
48
550
353
158
288
268
671
622
208
388
30
88
718
287
333
332
68
488
186
527
83
55
407
153
534
558
31
528
16
108
82
667
264
473
436
304
41
497
113
52
638
562
406
248
116
648
408
423
647
479
341
692
65
500
324
117
445
449
468
471
553
672
387
325
357
535
434
632
76
56
254
47
510
16
688
597
634
8
339
522
243
51
303
7
588
488
640
254
603
533
585
305
164
114
576
526
484
571
91
629
507
176
319
125
726
127
596
694
454
117
216
157
499
376
598
470
431
495
650
599
107
131
392
385
628
304
596
386
554
390
482
671
669
513
389
372
361
206
319
305
433
217
491
492
25
482
386
401
179
270
694
343
205
273
283
412
409
698
460
503
367
669
100
88
467
386
571
280
490
288
117
438
428
646
55
293
415
464
566
549
143
104
582
346
134
51
386
522
574
166
425
631
73
308
143
286
397
648
476
724
433
447
143
618
27
515
634
228
421
419
198
225
107
20
215
343
278
129
671
222
280
57
539
246
233
26
521
179
12
180
371
411
71
165
244
275
421
417
612
671
279
151
665
20
560
708
477
263
329
329
226
88
171
315
268
235
592
296
220
606
109
728
298
627
577
108
478
233
606
683
415
234
346
566
217
197
324
150
245
18
85
381
465
704
526
654
324
216
730
242
625
124
116
720
384
455
295
611
456
292
110
715
541
590
593
76
269
228
323
655
364
591
604
522
692
79
15
245
365
257
158
393
355
7
329
173
116
413
473
96
132
21
618
170
463
192
619
415
430
303
713
727
428
150
203
184
274
452
152
171
108
234
408
543
450
563
581
534
604
659
283
100
406
147
201
107
178
468
66
301
296
518
53
467
199
450
44
310
301
99
93
594
228
219
36
650
307
617
246
403
144
487
260
217
200
684
657
540
475
545
370
264
62
114
550
521
246
410
656
177
606
10
226
515
391
580
617
657
331
554
222
231
228
542
381
355
191
568
260
364
128
524
576
281
91
250
584
287
30
322
31
557
399
173
409
336
388
426
604
170
563
678
426
150
562
651
315
596
42
553
637
663
190
114
642
360
203
428
724
672
442
91
21
136
127
313
479
363
666
309
83
332
607
269
249
400
598
725
306
319
54
437
297
184
580
7
76
326
226
658
314
81
409
602
437
260
577
619
496
347
451
43
88
331
658
163
677
518
664
509
691
323
650
397
459
187
174
380
321
10
552
196
372
633
147
516
646
569
426
682
253
547
219
16
387
440
258
124
383
222
12
224
316
101
543
612
412
342
713
611
220
695
331
70
430
103
481
38
562
223
122
402
122
607
483
326
248
220
576
277
640
546
250
103
677
497
691
727
83
26
589
729
316
557
504
521
359
628
24
366
24
630
320
112
325
275
387
411
228
724
229
565
114
519
119
194
589
187
506
146
370
616
356
40
275
80
689
706
210
24
52
144
339
520
485
613
130
121
135
670
418
44
19
565
180
256
566
17
229
137
504
146
126
308
729
150
642
356
433
450
94
337
572
422
557
563
420
373
359
356
517
26
639
523
708
59
674
431
588
521
585
159
545
438
256
380
720
696
177
313
510
667
550
663
161
731
385
493
703
583
246
244
58
224
511
673
617
522
584
624
56
550
82
728
612
683
317
289
132
522
81
279
220
99
247
322
171
329
336
463
25
31
358
45
466
399
437
177
493
499
502
423
289
466
582
358
78
416
410
270
161
322
292
112
134
97
69
360
501
419
70
113
49
374
241
348
612
721
574
531
364
653
505
227
320
151
332
697
169
726
685
681
409
603
505
168
407
584
554
620
259
451
99
16
610
493
719
383
659
107
352
141
719
212
475
654
699
417
416
702
42
416
73
532
124
480
41
730
385
317
188
102
22
164
331
409
359
396
440
692
159
384
66
53
645
620
454
500
712
637
592
186
234
330
483
634
145
602
5
165
661
180
72
420
38
302
42
295
81
339
580
614
326
418
593
320
137
285
217
93
147
611
162
560
589
178
143
92
269
34
540
554
717
412
321
630
163
502
666
115
669
143
430
315
336
465
476
596
397
302
420
641
636
681
670
507
679
132
442
560
145
256
435
342
438
326
451
665
529
184
200
625
550
554
563
655
454
467
62
35
348
173
232
35
674
695
101
559
565
29
503
216
269
251
526
163
61
306
92
417
240
52
122
374
601
290
120
234
92
289
259
699
344
66
262
525
620
296
173
114
148
411
434
693
601
358
313
577
36
214
657
558
408
305
254
359
413
369
506
102
491
382
262
353
404
282
325
184
571
602
464
220
4
505
562
412
272
525
380
540
38
622
524
545
65
606
521
62
413
704
605
325
482
199
435
62
609
187
18
354
370
430
476
307
407
581
351
68
199
274
195
308
719
661
116
160
315
274
176
510
700
241
56
105
132
30
574
66
614
525
362
486
702
413
694
474
537
39
155
522
623
508
135
455
311
427
236
118
106
533
679
375
401
667
498
487
426
281
522
7
540
651
199
294
521
542
240
49
226
629
462
181
594
298
428
525
231
239
320
510
342
256
643
454
107
710
623
339
98
379
662
224
562
265
534
235
136
69
649
375
325
690
171
97
640
31
29
447
711
30
710
338
483
100
700
476
415
43
414
149
284
229
7
514
642
450
546
283
662
9
251
454
47
129
122
247
336
343
386
341
460
592
534
636
524
466
253
653
230
120
289
688
173
147
193
96
11
489
4
386
47
663
196
179
123
56
224
678
334
661
16
424
681
276
719
607
354
601
666
698
110
8
171
465
281
200
493
323
557
388
546
12
281
302
593
442
659
295
345
147
479
146
94
344
662
141
398
586
73
498
451
594
722
546
22
487
639
140
536
520
393
481
225
69
332
93
327
648
575
47
673
488
194
22
672
465
201
687
561
490
697
539
127
38
635
105
91
632
688
222
139
51
712
602
316
201
537
207
715
209
567
679
716
561
491
23
430
489
392
51
247
5
497
53
565
232
11
180
191
154
74
45
350
628
543
438
650
205
297
23
474
471
289
565
96
121
346
97
188
281
681
703
614
425
689
704
576
666
513
226
110
293
403
523
83
130
389
695
659
288
61
403
104
391
374
451
415
577
513
225
297
253
343
434
537
568
502
722
667
455
632
133
120
527
269
246
59
22
661
311
182
408
321
218
185
505
496
377
180
175
117
406
309
389
421
369
51
625
177
585
596
342
161
604
554
634
652
632
651
201
701
37
394
355
78
17
158
39
487
396
233
319
91
419
98
679
179
592
305
495
346
526
130
454
632
369
80
187
68
267
472
536
112
680
442
373
626
168
54
652
151
623
142
379
231
680
438
656
279
356
478
498
321
309
431
314
267
479
539
376
58
209
48
139
431
95
256
139
574
74
44
289
580
323
137
543
494
316
208
628
665
356
262
11
71
348
44
432
57
25
710
649
341
331
214
298
220
100
456
49
290
668
65
465
712
343
25
503
355
113
480
571
268
152
84
272
212
670
564
49
40
59
563
92
71
485
318
359
6
79
317
215
313
679
601
234
551
396
596
35
264
534
98
51
143
468
108
28
207
87
114
214
694
360
272
12
713
575
675
280
719
165
223
592
10
465
487
166
103
16
489
363
665
7
625
401
489
477
480
426
369
210
623
268
653
731
214
225
71
174
263
562
340
615
337
95
62
8
394
516
11
199
241
723
195
394
154
235
5
270
117
573
156
286
434
367
286
461
21
97
127
404
290
714
662
34
629
224
182
142
574
297
318
603
615
183
556
484
104
87
30
450
93
83
611
273
711
586
705
469
9
591
344
252
84
355
273
112
73
191
310
441
188
581
386
141
51
495
549
118
247
483
355
438
447
212
176
260
298
21
378
640
568
64
708
101
536
70
533
699
410
338
392
717
110
693
141
402
245
174
251
476
458
571
613
406
42
427
317
416
115
237
261
400
434
599
503
326
128
386
719
660
728
503
591
132
266
378
38
375
331
242
150
528
509
5
150
363
187
295
563
693
1
210
100
443
588
493
245
690
716
722
96
587
128
420
465
367
23
406
384
215
185
0
79
231
618
299
662
199
709
515
342
556
424
64
320
234
615
292
653
515
276
254
598
680
365
363
0
612
384
379
663
195
578
106
606
138
338
431
700
29
501
174
681
148
678
489
699
393
420
176
466
191
517
566
28
493
158
373
699
196
716
395
53
659
41
252
474
387
74
593
635
325
171
519
328
321
5
371
405
555
305
107
683
630
265
144
550
573
440
147
219
338
395
162
556
692
412
568
527
94
110
143
453
203
22
142
346
531
295
234
131
287
581
533
37
77
85
61
407
315
605
500
582
63
445
26
243
38
238
613
690
292
352
423
593
71
254
728
196
31
582
655
654
350
113
208
676
649
337
184
517
361
687
556
253
1
584
690
305
138
11
115
555
406
171
293
472
620
49
314
608
630
100
467
690
640
301
523
524
600
172
198
21
571
209
496
264
274
202
135
502
244
175
589
402
65
429
313
683
281
727
451
713
281
328
455
448
145
12
653
184
459
553
601
226
383
364
644
281
420
184
460
272
415
610
356
10
630
384
655
546
415
105
695
411
336
157
161
155
560
687
81
163
145
446
25
237
19
645
128
48
237
425
726
321
652
103
381
529
460
342
239
239
502
320
360
32
204
17
313
423
358
312
179
158
344
257
709
309
488
631
252
558
160
135
313
132
639
626
46
196
594
505
133
339
703
269
353
731
38
270
519
38
130
55
46
664
580
440
228
414
456
264
280
215
35
198
556
373
706
627
676
268
242
161
382
604
610
45
253
378
662
209
291
638
692
110
156
17
103
106
272
210
713
727
304
481
477
520
411
291
193
269
294
353
594
679
500
1
398
182
166
73
654
205
274
387
448
245
567
645
594
502
431
76
163
628
57
399
213
656
238
195
470
286
41
475
7
514
472
85
459
709
512
39
623
361
199
231
523
693
29
107
33
357
310
253
105
293
117
637
459
68
376
38
525
55
367
252
340
266
376
180
705
452
520
222
640
553
567
694
638
283
134
434
377
497
400
224
586
314
448
715
37
386
12
440
207
408
295
629
233
580
456
240
690
506
214
183
400
556
51
585
329
581
599
672
114
44
123
150
665
169
593
104
237
363
506
176
262
493
120
594
272
14
434
584
604
393
418
69
85
513
676
72
295
451
197
64
411
409
461
463
512
708
264
120
326
62
39
8
151
96
209
507
652
279
641
234
652
529
686
691
89
216
182
506
572
46
681
589
335
447
19
539
58
52
525
327
352
110
191
202
267
629
569
636
149
634
292
173
380
633
653
84
541
528
515
87
419
320
676
373
516
422
291
660
289
18
488
569
632
412
629
504
406
449
406
177
326
534
468
496
69
599
473
590
255
123
516
508
621
15
117
126
382
616
563
463
179
723
329
186
697
334
443
168
153
256
417
147
540
445
79
185
390
16
657
565
693
121
280
64
427
718
495
79
607
533
113
516
207
569
179
646
114
16
632
534
228
103
659
619
118
341
200
295
275
191
67
246
453
72
211
478
110
661
15
270
280
44
160
143
721
461
200
97
23
162
81
630
344
454
36
83
4
494
149
394
115
417
211
529
551
265
436
81
490
386
74
141
647
631
14
83
79
434
730
581
500
12
552
7
182
317
164
595
154
153
533
205
491
240
323
244
27
184
663
622
542
38
214
287
630
567
121
214
599
271
673
717
330
327
149
366
667
63
654
603
209
262
403
712
514
18
666
48
460
371
73
280
350
466
663
326
428
348
317
672
529
249
556
176
93
320
696
189
694
197
212
103
2
113
381
490
452
460
222
672
183
208
563
728
546
319
309
541
475
2
453
551
294
146
554
539
673
78
420
682
3
416
281
169
324
219
608
522
121
428
1
106
192
311
218
365
646
466
65
574
715
590
107
299
363
401
687
458
419
444
501
336
208
595
584
528
242
520
105
691
69
11
603
722
661
347
547
109
442
696
621
203
507
262
37
341
408
211
353
217
642
51
674
265
625
61
331
2
46
4
473
511
516
47
149
41
726
472
385
642
659
652
38
550
322
181
411
83
193
125
31
32
341
544
237
6
515
73
434
161
188
375
703
723
316
197
312
193
313
688
390
484
412
586
559
163
118
232
570
466
180
88
26
552
514
636
651
324
469
606
692
79
172
591
241
266
15
703
462
618
427
485
539
370
148
138
311
684
561
697
19
120
311
654
513
371
309
683
492
567
627
379
101
233
517
654
567
2
164
694
349
370
111
63
210
5
506
363
442
316
99
226
207
645
675
46
594
143
22
665
195
617
336
330
469
415
307
689
641
720
514
411
167
43
347
274
107
111
420
370
703
288
257
671
313
505
352
4
518
135
689
257
354
438
624
233
25
50
596
450
649
553
213
148
519
285
507
123
541
96
481
653
159
686
623
675
92
643
176
696
186
706
558
104
293
304
14
727
358
88
673
18
350
505
558
206
377
285
371
300
345
127
567
424
148
132
423
156
379
560
334
425
517
71
96
637
261
260
245
123
305
64
602
678
661
263
170
488
389
271
286
135
144
446
648
239
120
10
609
622
489
208
1
421
719
628
602
632
15
181
611
433
471
555
511
340
380
428
470
102
666
231
9
659
671
255
242
621
216
564
338
81
134
695
689
104
211
7
301
30
453
443
329
407
202
33
720
493
374
57
695
647
336
618
551
39
439
579
310
194
250
711
149
2
391
725
723
366
14
422
39
451
696
462
39
586
43
533
343
108
62
642
517
85
620
243
305
712
58
692
75
87
514
108
378
135
471
141
373
641
310
192
260
702
242
18
446
675
578
362
111
538
497
492
380
77
656
554
682
323
410
514
507
646
538
192
411
276
45
77
324
334
500
516
200
244
232
344
208
94
689
175
516
408
65
294
568
182
342
120
659
660
301
188
618
528
353
395
526
547
328
62
383
343
103
566
182
464
68
646
202
446
378
151
499
19
405
385
114
530
160
626
461
643
187
197
186
557
145
713
377
692
594
197
572
563
454
612
696
220
694
208
297
669
350
214
349
497
66
70
103
353
484
219
271
700
638
197
507
79
612
433
281
344
41
490
590
141
28
442
547
188
34
578
379
578
433
466
95
597
625
378
130
284
684
126
312
335
276
206
538
623
209
464
342
586
249
161
86
445
197
570
307
377
439
255
661
196
686
380
538
243
497
77
329
44
231
193
508
310
640
387
686
126
17
490
569
654
664
271
502
85
392
147
254
164
670
511
487
495
243
479
671
229
405
285
94
506
86
674
351
435
4
341
262
52
358
325
277
649
356
83
717
121
96
379
126
620
586
655
167
65
653
75
201
334
467
163
615
154
78
558
342
483
722
151
145
24
620
123
521
211
393
688
356
214
219
557
250
41
359
251
11
329
153
382
504
603
671
24
186
654
165
659
241
651
298
53
93
152
147
672
183
372
136
304
631
518
210
221
624
39
144
109
579
337
357
270
26
652
458
636
271
14
335
561
727
440
0
583
312
498
46
91
114
341
584
186
654
257
473
16
718
142
16
499
383
508
699
714
418
44
278
421
70
667
324
454
302
52
267
6
731
446
335
76
86
517
305
588
701
411
194
539
547
190
721
452
539
426
40
136
125
688
281
515
150
444
217
481
720
729
316
355
178
94
573
639
535
469
353
566
181
129
245
408
622
103
293
149
182
559
352
266
593
668
44
97
590
406
409
560
389
247
61
361
521
572
74
509
165
186
113
462
274
657
268
225
356
370
316
444
555
683
584
544
206
99
689
14
352
457
244
315
185
720
711
256
497
507
15
422
50
520
65
620
48
311
474
230
3
451
459
436
375
80
218
455
603
557
621
279
559
49
93
517
233
501
395
193
561
647
162
126
505
168
346
725
616
147
184
592
686
156
546
253
440
679
236
216
667
5
537
215
706
441
245
299
660
477
617
548
716
549
109
241
34
637
652
144
330
235
203
413
74
470
48
36
81
225
146
83
249
288
94
547
531
463
564
557
518
302
174
108
210
564
387
694
587
704
524
87
584
274
310
505
241
51
614
604
55
220
135
667
136
278
490
617
473
319
311
539
141
74
398
352
359
188
340
48
289
415
147
559
731
166
712
343
595
633
719
276
589
403
193
199
213
578
529
344
686
580
342
564
315
356
347
579
9
430
641
601
668
664
27
427
168
251
726
354
598
388
136
653
564
672
678
536
396
362
665
551
147
324
135
161
297
358
479
178
685
98
344
679
324
642
365
315
359
631
418
332
440
390
334
429
669
122
589
177
261
97
472
451
214
181
340
594
114
606
39
95
128
254
194
237
48
78
477
267
477
425
253
367
348
577
531
314
608
598
254
695
639
218
728
633
370
603
112
431
486
507
108
631
357
533
203
274
313
652
498
269
446
168
176
83
442
412
157
241
431
429
110
132
326
629
709
70
241
210
192
260
652
182
175
530
196
263
623
548
408
538
267
579
538
451
37
146
87
569
292
460
431
703
542
649
549
520
571
446
204
238
503
634
308
526
429
456
391
180
637
258
676
473
369
122
649
507
323
290
600
697
51
22
293
349
655
345
589
617
500
286
661
672
656
193
380
81
290
128
504
409
232
592
408
332
322
426
72
588
401
569
389
572
578
221
537
411
664
554
365
369
524
155
695
582
509
645
616
240
535
288
85
311
418
59
270
606
434
448
440
729
558
498
683
1
208
342
421
143
410
514
20
218
376
233
166
456
729
297
316
29
522
196
263
342
426
584
14
167
626
487
493
198
709
319
511
292
87
139
458
512
244
599
460
455
480
93
519
154
198
471
236
4
281
181
199
92
415
139
694
618
707
590
435
616
624
320
591
624
394
32
500
606
202
255
413
46
390
716
234
345
429
119
129
402
250
689
625
129
241
617
190
583
555
658
500
154
649
276
50
211
227
61
576
642
138
679
450
127
637
419
409
175
457
35
702
477
495
438
128
468
179
584
384
585
364
160
75
258
446
137
232
426
552
681
242
93
348
592
275
16
645
441
72
702
652
179
676
218
26
654
731
485
359
84
322
13
88
569
545
547
260
40
96
524
493
268
386
126
269
563
133
212
352
458
302
568
218
366
130
138
205
214
615
432
643
731
361
101
658
25
230
523
723
233
360
231
668
395
78
182
20
145
436
128
405
639
482
527
124
244
589
86
601
479
37
201
292
304
197
51
248
295
172
141
159
731
372
55
276
350
128
626
60
153
182
382
280
360
504
711
273
722
274
639
298
338
120
119
136
629
92
639
301
455
349
445
286
463
455
404
676
722
453
171
344
547
618
90
297
395
622
501
78
583
430
373
293
154
330
248
578
328
370
669
147
305
512
282
62
426
201
565
495
364
84
633
65
149
301
121
155
146
259
39
538
605
114
343
399
404
141
234
554
235
656
171
661
139
619
112
395
630
366
433
163
97
108
347
213
614
273
101
630
53
208
240
117
149
140
448
466
697
457
8
339
319
571
234
391
174
532
220
286
660
452
144
31
302
560
525
712
630
184
58
450
527
693
706
698
477
216
542
616
327
131
659
178
260
576
33
479
124
305
299
529
629
532
341
586
354
230
600
518
600
462
416
76
441
302
248
276
361
388
359
314
130
607
7
731
196
731
699
25
102
619
63
486
597
47
197
579
170
415
530
693
325
452
360
603
134
564
496
694
380
256
122
197
643
8
591
379
235
549
352
201
662
170
667
626
432
487
326
39
94
275
519
656
253
419
47
489
273
8
175
593
95
134
129
678
617
221
606
184
449
670
254
21
602
371
36
354
545
124
230
115
91
413
381
101
682
284
91
59
722
286
686
184
391
330
414
157
117
416
147
648
212
598
36
573
74
318
132
89
632
73
346
92
262
280
467
452
69
327
445
452
591
642
148
608
175
331
11
287
627
216
458
609
58
263
383
446
257
62
720
139
143
348
228
521
63
449
12
25
650
222
611
534
27
726
466
23
133
267
322
482
23
262
89
144
110
719
566
661
695
467
134
137
709
228
626
304
190
447
308
348
518
136
686
552
724
274
571
272
187
507
722
34
676
230
701
277
532
79
386
726
283
71
636
91
423
599
149
598
31
211
340
614
524
28
195
360
211
359
594
475
412
6
39
298
523
39
415
76
242
652
475
369
54
591
611
302
396
487
442
731
184
468
515
217
227
658
572
707
406
143
117
58
374
730
54
451
672
100
707
55
120
16
654
579
520
415
384
313
76
323
263
124
464
324
686
198
637
217
306
293
132
480
606
319
425
540
428
689
519
18
176
287
641
231
351
215
365
121
19
730
416
51
492
407
515
444
427
715
91
20
480
45
312
119
214
656
673
361
59
425
657
161
422
572
406
459
48
127
525
301
183
557
67
469
575
646
309
410
209
533
31
8
538
609
618
548
305
223
64
307
417
85
622
388
39
10
629
701
538
278
311
668
349
496
82
560
518
626
673
316
677
318
468
414
433
244
414
250
509
73
221
549
431
690
524
323
530
224
219
134
275
129
523
49
707
223
484
77
718
579
97
161
442
343
679
138
449
267
307
114
459
579
477
176
352
421
649
603
58
424
584
279
328
127
628
198
197
195
626
46
608
258
336
705
360
510
461
163
29
665
145
120
237
657
82
403
591
33
35
491
7
656
229
501
156
36
36
355
487
609
138
15
380
337
433
592
151
61
702
132
709
141
692
456
301
490
625
671
367
520
269
205
319
263
326
712
175
0
217
275
647
522
434
455
338
123
628
430
395
148
713
259
714
701
201
663
101
537
332
230
556
399
384
348
575
228
551
618
215
692
223
707
197
246
239
180
643
563
687
647
520
68
190
198
571
18
332
381
310
397
43
590
72
144
731
535
271
93
115
193
338
212
333
216
280
599
167
105
367
268
126
434
138
322
585
547
547
351
464
28
577
496
476
240
233
505
539
607
408
496
201
383
467
456
424
672
626
387
130
596
459
460
298
608
706
584
226
476
717
160
395
722
414
122
713
2
102
383
461
218
227
109
137
396
693
547
694
178
662
113
257
539
337
187
300
632
537
716
257
6
709
417
445
220
526
121
99
495
247
327
410
245
139
576
562
156
518
331
314
680
328
600
422
315
340
134
169
310
137
629
86
480
51
114
16
493
47
101
686
267
637
291
297
652
68
642
46
242
5
74
485
707
320
374
182
489
710
152
620
325
545
4
676
550
360
452
173
721
104
203
330
125
503
523
492
200
598
704
196
163
442
602
467
547
245
675
165
591
176
591
717
651
68
286
247
497
359
686
363
647
256
11
448
704
100
2
663
560
55
69
669
707
467
578
607
216
95
730
351
634
333
253
695
116
219
381
37
184
416
652
723
65
214
686
198
381
656
485
151
295
23
418
116
630
689
192
621
586
571
629
300
727
335
658
723
542
716
537
475
479
101
236
534
171
76
35
492
64
685
659
392
384
245
1
579
271
432
53
196
129
47
311
288
387
513
49
377
358
324
579
420
561
73
23
373
667
597
628
184
122
538
116
629
116
344
90
2
260
240
197
331
121
230
601
87
514
338
207
225
691
701
27
293
91
345
218
377
234
525
636
271
112
660
676
577
101
680
564
315
414
109
278
333
688
638
588
21
103
484
106
507
637
400
432
5
70
95
77
297
42
339
125
249
476
284
713
177
267
308
494
643
113
241
13
528
376
424
179
95
283
427
517
68
720
380
224
533
218
533
666
112
472
456
611
507
364
354
53
163
263
400
321
300
247
339
117
15
723
473
27
526
55
76
522
583
249
650
474
42
637
528
71
309
639
233
335
687
511
407
149
241
43
513
334
633
300
693
433
70
300
407
203
614
422
237
438
339
448
345
51
50
122
412
672
418
667
539
198
115
359
593
137
731
311
417
639
3
622
45
453
211
637
650
206
271
98
107
681
720
361
547
325
444
479
462
477
316
107
418
564
190
259
18
149
628
475
433
211
140
606
201
63
680
103
691
418
590
424
155
220
101
591
8
426
654
117
552
681
319
280
375
143
246
272
681
403
221
364
691
430
364
555
184
339
527
471
205
596
39
41
38
517
593
108
214
144
251
163
207
147
680
497
85
264
2
134
438
413
719
69
207
415
451
160
624
258
153
196
720
183
38
718
256
231
706
698
468
33
77
518
22
123
150
64
504
418
232
519
101
496
204
478
684
487
12
395
555
194
466
567
335
36
513
159
522
678
77
250
464
585
327
216
328
309
496
271
325
423
420
0
369
208
581
276
379
88
11
717
216
354
230
187
482
572
584
404
201
260
404
269
180
462
668
648
441
5
381
710
430
119
79
34
725
729
598
470
366
119
1
505
617
269
575
359
50
666
483
676
168
486
332
44
447
170
30
256
607
331
113
537
102
325
622
558
64
196
406
439
120
83
263
281
361
499
82
373
37
557
135
687
148
376
722
140
340
575
290
728
140
316
710
81
126
123
635
216
509
77
698
282
667
503
410
122
428
307
486
473
416
230
7
467
364
90
354
214
261
383
659
11
109
82
519
598
164
717
441
27
251
476
618
134
720
422
186
282
267
53
298
127
610
42
202
545
113
172
370
188
562
590
592
720
706
520
610
545
111
76
588
652
272
21
125
367
484
398
721
729
372
295
646
584
608
429
375
253
46
599
351
444
235
693
346
460
601
485
722
414
331
2
296
398
387
237
644
701
8
91
423
562
600
481
193
598
333
646
91
340
255
46
270
379
628
276
723
237
299
556
66
489
197
398
423
101
61
125
629
429
196
227
155
19
506
195
468
592
55
390
550
475
38
317
664
63
643
465
222
381
308
102
227
74
184
276
50
239
548
142
140
165
451
359
381
128
542
480
425
346
409
94
691
181
662
510
446
316
343
181
155
95
320
159
495
720
673
306
86
226
115
224
452
298
119
105
339
301
679
151
719
118
315
651
245
472
562
201
525
588
237
194
725
203
645
270
490
374
18
93
47
573
447
307
550
720
604
102
157
325
329
335
268
434
533
184
453
76
648
244
414
433
224
496
320
705
451
370
77
403
47
273
7
56
119
527
392
607
730
504
468
262
565
419
250
637
127
314
623
401
660
7
710
437
694
559
260
186
32
439
393
267
523
389
617
17
201
340
658
703
421
75
727
558
546
604
167
188
720
330
278
650
699
498
592
257
700
553
722
11
723
307
485
670
642
176
476
543
433
617
668
126
233
82
714
461
683
142
322
180
2
591
416
330
408
374
49
30
677
360
443
630
383
44
60
84
588
298
283
438
5
209
397
226
99
52
474
715
283
189
490
318
368
387
482
306
421
635
152
314
360
690
428
445
465
256
523
617
72
572
503
719
362
630
324
280
53
69
112
716
638
587
348
551
251
708
539
612
673
525
333
365
517
622
483
542
723
322
257
708
400
588
66
502
587
217
488
528
542
344
604
314
15
176
7
387
485
222
221
128
703
365
332
661
535
54
394
241
410
688
667
340
616
29
490
285
597
290
102
627
129
197
228
360
215
89
634
45
7
192
535
372
426
12
3
72
676
124
602
63
324
536
158
333
520
264
208
82
113
182
109
524
49
542
510
586
530
339
35
597
4
637
258
442
620
258
543
439
730
612
301
561
23
382
469
123
293
283
132
650
13
567
643
19
716
9
463
87
522
580
366
316
336
85
491
616
641
698
461
126
454
263
439
130
726
201
627
438
576
187
40
311
225
195
352
24
155
242
261
473
641
330
296
93
135
596
710
40
330
347
496
413
646
688
12
702
424
491
408
649
222
20
472
108
312
410
628
619
296
17
413
579
344
84
470
234
620
521
636
240
534
455
713
362
49
380
416
201
46
543
177
362
613
293
302
540
551
202
221
108
29
575
541
525
656
183
557
559
399
351
556
619
620
424
346
310
43
402
416
47
539
579
338
189
538
626
540
88
729
555
177
41
659
655
596
602
36
28
390
115
192
697
439
68
81
297
80
662
2
375
118
56
496
22
411
132
290
460
720
299
597
58
320
135
206
470
137
723
182
72
495
392
73
639
659
117
210
58
12
613
191
550
686
539
530
327
328
528
565
156
172
249
112
252
425
513
112
39
117
620
730
674
275
151
120
588
537
726
440
487
17
226
270
76
394
327
194
601
201
272
387
312
6
169
7
410
51
648
556
51
527
571
595
402
519
672
297
692
268
374
461
120
173
600
283
238
670
192
71
558
685
119
677
35
133
345
724
554
105
25
522
687
160
406
370
101
641
353
365
71
585
569
386
490
630
676
553
220
377
206
439
110
604
27
168
48
607
168
667
25
324
424
599
429
152
329
717
522
516
534
227
199
414
344
678
132
171
518
604
45
232
125
148
345
705
301
355
311
725
600
12
611
706
475
165
403
389
309
477
152
38
724
178
622
349
627
374
369
13
344
731
175
321
437
322
52
255
478
230
90
444
461
194
124
100
498
156
352
28
307
591
519
307
202
284
29
506
542
71
469
715
564
395
536
459
101
636
261
715
118
211
607
247
190
225
584
667
568
94
455
309
565
32
73
362
193
312
445
692
659
459
364
502
443
592
652
7
559
222
609
555
253
339
201
164
223
574
627
502
139
224
481
377
451
483
269
154
47
117
646
415
325
440
327
446
608
127
624
347
192
283
232
6
660
553
618
309
362
191
14
527
2
97
613
659
595
362
432
278
53
376
576
248
643
46
729
83
348
611
532
695
730
704
389
499
509
5
119
207
540
543
716
215
696
515
20
359
577
556
364
431
7
96
345
589
712
158
327
193
200
275
14
16
113
609
630
646
619
728
226
622
678
484
381
507
712
666
237
344
107
407
46
696
581
640
474
252
616
696
85
668
109
402
705
666
186
543
665
2
102
359
60
13
77
107
505
429
137
529
352
45
447
416
295
304
106
664
373
572
265
142
585
21
290
283
66
98
652
199
463
175
83
609
235
578
623
232
337
709
249
239
712
387
677
336
412
183
146
35
495
602
367
260
613
207
265
26
119
131
688
673
300
627
409
200
148
461
657
261
306
191
698
700
631
4
270
609
131
81
160
411
652
694
117
628
687
688
222
468
181
652
712
100
237
96
563
291
414
691
37
21
596
110
730
266
385
167
211
689
139
117
392
113
719
46
127
341
369
202
519
574
162
321
518
725
235
599
416
16
63
436
289
104
236
613
295
652
663
493
170
605
245
615
195
231
422
64
353
319
202
516
315
426
661
605
297
273
119
408
66
367
404
31
326
53
712
714
605
228
421
235
699
345
148
428
101
490
722
588
713
370
585
580
68
511
82
92
572
730
207
271
611
564
727
126
294
421
640
166
18
518
106
384
338
633
66
83
113
146
408
659
517
348
294
9
342
707
699
156
204
638
64
419
161
382
479
429
126
140
654
425
619
137
219
561
194
242
654
156
723
185
207
147
721
285
292
310
43
496
463
115
77
650
355
191
691
655
322
392
331
28
109
373
678
460
487
483
71
386
460
676
394
488
676
35
647
225
33
568
710
405
547
50
232
685
598
279
201
322
446
693
198
159
468
12
642
311
118
430
138
17
341
241
405
240
442
51
219
172
94
515
690
99
153
317
538
669
484
670
624
471
326
234
189
579
495
682
249
98
116
316
555
498
252
311
487
202
259
560
237
368
529
85
208
470
114
28
569
390
316
277
339
360
288
274
666
233
127
24
575
271
315
413
240
628
95
41
437
688
555
607
167
517
533
715
54
23
678
418
703
490
523
504
540
1
600
374
408
285
81
508
555
315
555
222
419
509
577
501
41
601
699
272
249
406
718
691
8
58
107
291
7
403
221
69
691
84
188
336
31
550
714
621
157
341
288
437
693
476
179
277
70
722
60
606
47
382
476
686
65
185
499
283
603
354
128
126
145
434
127
459
429
627
488
419
132
577
343
730
180
614
397
388
434
296
378
31
211
420
38
131
471
398
580
291
458
362
465
622
446
533
287
242
493
330
31
678
9
456
719
265
192
312
114
524
511
432
27
383
137
345
383
632
292
688
198
705
173
168
269
509
391
139
440
68
454
386
654
221
205
463
4
598
194
196
424
650
710
101
474
23
128
133
76
234
73
598
704
408
220
101
427
89
356
431
36
525
495
85
378
335
123
160
347
198
118
220
232
106
632
155
496
627
445
480
413
169
36
681
368
67
119
314
163
103
461
41
435
54
139
480
222
221
275
4
81
471
380
6
214
723
285
155
5
353
730
592
504
250
704
3
252
592
131
597
502
138
443
111
17
234
625
386
487
718
393
120
255
287
585
2
30
645
183
118
621
606
661
691
110
657
518
698
665
278
572
633
270
721
683
520
32
340
475
596
514
539
245
62
672
298
32
354
394
458
160
384
180
696
506
698
584
150
379
509
409
84
347
469
639
199
144
379
67
557
196
700
699
500
68
677
616
321
356
563
191
276
700
425
244
156
457
211
146
64
668
31
389
617
304
418
270
160
654
364
459
595
446
399
15
20
449
317
46
645
267
344
515
235
220
254
524
133
107
546
668
528
205
236
710
152
696
518
448
610
681
468
500
558
683
516
191
268
702
722
413
411
692
650
398
402
33
485
492
719
88
521
592
218
128
284
606
600
457
56
295
561
84
530
549
76
194
691
198
75
535
446
728
74
291
663
416
252
380
657
689
383
122
130
678
427
9
281
407
577
492
200
459
385
245
571
672
69
56
627
663
554
42
516
233
728
42
348
439
341
305
434
357
73
527
730
315
202
485
384
4
155
514
415
3
156
583
679
78
471
681
686
579
451
27
521
110
102
684
114
159
73
211
505
430
339
635
184
560
537
624
451
5
9
67
445
352
477
355
31
333
151
132
637
73
184
221
180
383
114
208
30
345
538
517
74
36
455
468
491
31
49
372
707
129
50
456
292
525
562
503
169
154
309
63
65
335
423
326
102
237
229
28
162
647
300
268
326
616
556
553
93
222
463
693
89
454
495
637
262
451
242
287
340
377
164
29
474
192
205
431
105
404
178
402
17
363
573
637
222
534
248
437
244
53
517
346
281
166
230
233
579
134
272
34
549
523
609
406
424
509
629
629
330
696
314
182
590
383
290
489
255
466
524
339
73
730
551
287
690
663
336
209
344
35
714
604
354
403
442
293
701
388
616
203
104
312
645
122
286
5
528
533
369
474
378
204
675
693
53
6
152
9
136
693
582
725
394
413
61
147
239
129
469
681
290
63
144
280
35
243
620
585
638
110
693
476
651
499
187
302
223
255
523
294
581
475
263
659
250
403
109
673
556
707
279
78
308
557
662
434
27
367
425
525
432
37
481
37
569
591
72
108
706
503
300
388
516
159
338
514
71
123
200
391
100
511
434
419
123
604
527
328
276
45
168
40
481
434
706
32
520
255
64
305
424
431
705
312
665
327
255
217
329
467
439
367
362
444
47
374
253
333
676
437
115
95
79
64
273
149
670
709
255
16
184
503
173
312
460
654
313
291
406
411
485
550
602
305
8
699
278
511
593
601
276
690
36
268
164
72
481
728
315
80
538
450
554
341
30
521
338
263
496
592
496
396
155
194
139
245
721
100
489
650
19
496
29
541
47
165
369
438
323
501
313
481
710
40
667
59
692
101
558
619
141
494
57
557
79
694
147
656
256
690
544
462
587
563
368
39
440
362
67
183
634
69
114
272
722
366
207
598
600
230
70
513
173
679
27
714
436
467
317
390
605
609
682
628
659
558
349
548
154
31
309
509
233
665
62
121
562
487
405
681
525
189
634
519
728
640
504
79
368
715
315
729
190
68
428
495
541
217
205
71
300
525
582
408
729
389
393
40
114
481
329
463
536
92
23
337
318
370
583
385
292
70
443
135
179
111
633
532
721
544
400
184
426
724
304
349
257
663
474
498
30
635
21
547
556
644
239
300
321
11
134
52
319
37
670
15
693
115
270
662
659
380
212
148
417
600
475
723
461
564
489
605
74
345
436
121
365
106
719
457
153
137
571
466
79
565
634
235
220
161
249
616
445
393
350
84
534
95
259
559
391
511
698
128
248
408
194
712
16
186
196
97
349
206
519
500
64
267
264
685
150
358
22
87
726
299
574
24
562
191
111
631
288
560
635
247
418
194
630
617
384
511
430
583
123
139
343
467
182
295
296
592
553
20
574
565
157
58
336
101
593
186
684
211
435
121
129
136
687
131
427
602
286
463
61
546
382
98
346
462
97
376
661
278
590
174
365
582
492
445
356
610
561
610
424
52
614
330
580
364
475
654
368
178
342
288
298
426
403
455
496
677
198
168
552
374
440
395
628
596
180
294
645
231
511
134
300
44
345
8
712
344
18
101
642
11
531
2
55
218
159
49
376
106
364
213
50
648
236
441
566
11
486
96
7
603
505
83
607
401
377
352
462
160
259
503
724
304
720
423
624
468
450
720
564
613
450
246
506
169
420
404
338
502
424
715
431
2
86
693
161
77
28
397
100
471
487
707
252
411
387
332
539
631
540
414
584
464
177
570
266
125
424
556
598
584
299
198
678
193
435
420
571
622
665
681
432
703
453
283
211
350
373
580
488
299
481
640
638
347
432
662
274
199
724
3
546
168
295
142
87
138
453
530
475
228
596
99
521
47
337
187
544
75
475
108
33
570
148
86
411
451
351
524
383
335
90
195
390
512
710
248
291
376
161
662
582
68
29
78
514
563
350
17
206
688
486
143
420
509
482
359
244
294
445
91
60
237
334
394
440
476
301
352
47
301
549
229
169
182
25
376
708
439
552
616
477
438
565
573
462
5
216
707
296
67
62
599
695
716
522
536
547
114
264
75
248
530
376
705
266
697
135
608
206
193
203
670
385
302
388
2
251
455
533
354
166
578
577
172
407
135
320
462
175
163
147
238
91
143
263
689
175
548
280
269
523
717
570
424
630
66
95
279
200
494
22
67
225
257
137
252
71
249
679
306
122
148
390
509
603
433
627
413
353
83
580
506
487
559
475
165
335
632
28
109
128
23
490
174
662
640
353
24
443
213
3
182
94
338
34
325
558
589
115
358
39
35
593
678
316
338
492
599
453
375
521
300
253
401
347
230
603
676
308
316
230
375
337
528
23
556
32
721
116
647
435
631
484
234
433
561
258
196
43
714
322
552
157
58
147
53
291
628
476
45
459
59
684
720
187
583
667
435
234
258
522
318
120
526
727
658
225
266
261
656
346
125
24
678
609
304
172
657
445
216
699
543
81
119
501
715
118
122
727
74
359
673
452
89
451
665
189
250
3
170
76
383
723
351
43
706
714
478
178
364
323
172
403
506
446
173
82
670
482
300
726
149
428
308
529
179
582
173
215
93
605
396
176
398
44
662
449
418
505
670
217
220
81
610
634
177
46
23
654
76
383
637
509
270
296
109
148
157
144
507
728
687
436
620
575
395
98
449
181
268
169
567
228
530
260
228
90
149
503
433
272
705
398
192
292
359
467
72
417
50
665
120
690
350
628
365
148
227
604
100
419
143
509
410
206
499
428
586
278
21
377
412
350
463
135
497
180
507
70
68
630
283
80
557
701
607
723
268
200
582
154
367
568
263
537
36
53
517
699
429
274
712
310
31
381
623
165
558
659
24
79
303
686
453
231
183
530
698
721
38
321
186
177
107
632
656
24
86
247
610
682
603
476
458
407
540
407
184
635
649
587
214
17
673
429
578
545
454
136
275
703
86
727
260
532
357
399
617
600
610
403
401
576
7
633
677
266
640
74
659
710
713
350
428
322
251
690
712
116
400
492
296
414
212
314
418
100
605
475
407
376
368
317
581
288
374
691
613
324
405
116
698
475
296
357
727
142
682
314
7
312
666
386
25
173
656
203
614
509
390
132
106
429
460
67
71
119
271
52
355
728
730
670
231
105
718
579
464
487
145
63
655
351
61
131
273
4
356
693
142
23
228
57
652
160
284
432
136
297
296
179
664
142
722
420
609
358
132
363
386
415
705
729
456
641
541
127
50
82
507
625
689
313
132
617
349
680
12
571
33
595
33
200
177
655
404
72
340
685
726
47
677
38
724
223
299
591
274
673
596
447
158
555
286
493
328
705
249
393
605
610
557
495
452
245
648
416
250
365
212
643
689
423
513
476
408
485
440
507
652
713
568
398
400
400
505
225
608
632
374
130
51
266
339
325
698
724
681
22
237
426
693
531
492
532
646
364
600
549
591
26
124
278
388
244
660
177
439
676
694
496
730
446
162
546
219
506
117
674
697
405
371
328
574
582
70
385
726
372
173
391
139
507
117
561
721
210
87
71
237
454
540
143
587
184
292
372
260
6
727
79
257
547
85
475
96
570
391
660
28
273
340
616
98
536
174
299
722
187
459
626
523
423
119
537
324
437
452
626
145
184
360
508
16
589
132
158
50
23
382
595
600
554
487
144
663
706
407
146
265
302
378
621
240
332
649
380
230
685
683
570
634
139
709
318
601
527
150
349
675
293
420
226
399
428
551
66
359
112
647
645
725
357
656
128
248
222
114
318
21
106
186
162
108
250
334
679
605
685
499
252
490
390
697
444
75
65
573
615
63
698
496
519
731
595
464
248
210
664
666
284
236
677
103
103
309
327
665
392
496
11
466
577
186
691
294
346
242
684
2
2
731
90
31
150
726
449
386
448
297
562
226
689
559
24
142
204
98
11
293
176
267
246
513
97
404
580
177
353
157
291
208
407
697
74
452
473
344
717
227
86
333
589
667
665
96
71
440
135
382
65
602
226
401
314
574
650
682
651
384
45
428
43
268
428
437
452
33
334
77
290
302
141
415
0
523
384
459
212
83
231
291
42
367
213
235
574
161
473
409
63
452
484
605
80
40
581
93
512
610
71
105
709
452
1
90
634
386
194
624
681
617
244
425
498
710
321
443
627
619
702
236
567
555
494
659
309
718
460
416
670
79
114
381
502
601
693
189
627
475
138
525
325
58
623
316
10
695
160
655
104
411
628
300
11
97
624
549
647
320
728
387
85
83
418
260
177
424
502
79
14
295
719
563
439
329
384
68
685
691
635
375
143
